Webots Project File version R2021a
perspectives: 000000ff00000000fd00000003000000000000000000000000fc0100000001fb0000001a0044006f00630075006d0065006e0074006100740069006f006e0000000000ffffffff0000006900ffffff00000001000002e9000002e1fc0200000001fb0000001400540065007800740045006400690074006f00720100000015000002e10000004100ffffff0000000300000780000000edfc0100000001fb0000001a0043006f006e0073006f006c00650041006c006c0041006c006c0100000000000007800000006900ffffff00000495000002e100000001000000020000000100000008fc00000000
simulationViewPerspectives: 000000ff0000000100000002000000fa000004590100000002010000000100
sceneTreePerspectives: 000000ff0000000100000002000000c0000000fa0100000002010000000200
maximizedDockId: -1
centralWidgetVisible: 1
orthographicViewHeight: 1
textFiles: -1
consoles: Console:All:All
renderingDevicePerspectives: Fire Bird 6:camera;1;2.21875;6.49521e-10;0
